#Tld ModelExport
26 #width
119 #height
940.321899 #min_var
3 #Positive Sample Size
47.177780 33.177780 26.177780 19.177780 -3.822220 -40.822220 4.177780 36.177780 34.177780 28.177780 20.177780 14.177780 0.177780 -23.822220 -41.822220 
57.177780 48.177780 39.177780 10.177780 -20.822220 -45.822220 -10.822220 33.177780 28.177780 19.177780 9.177780 -0.822220 -18.822220 -44.822220 -61.822220 
35.177780 17.177780 13.177780 3.177780 -12.822220 -39.822220 -34.822220 24.177780 25.177780 21.177780 11.177780 2.177780 -14.822220 -34.822220 -45.822220 
35.177780 20.177780 7.177780 -1.822220 -11.822220 -45.822220 -57.822220 24.177780 31.177780 24.177780 16.177780 10.177780 -1.822220 -31.822220 -47.822220 
9.177780 6.177780 1.177780 -2.822220 -8.822220 -58.822220 -68.822220 -49.822220 -24.822220 -20.822220 -20.822220 -21.822220 -27.822220 -53.822220 -71.822220 
-20.822220 -14.822220 -13.822220 -17.822220 -22.822220 -62.822220 -79.822220 -64.822220 -52.822220 -48.822220 -44.822220 -43.822220 -49.822220 -65.822220 -84.822220 
-37.822220 -28.822220 -22.822220 -20.822220 -16.822220 -15.822220 -20.822220 -29.822220 -30.822220 -29.822220 -32.822220 -41.822220 -49.822220 -61.822220 -88.822220 
-14.822220 -15.822220 -15.822220 -14.822220 -11.822220 -10.822220 -11.822220 -15.822220 -16.822220 -21.822220 -29.822220 -34.822220 -36.822220 -32.822220 -4.822220 
-23.822220 -25.822220 -25.822220 -24.822220 -24.822220 -22.822220 -21.822220 -23.822220 -29.822220 -33.822220 -37.822220 -41.822220 -45.822220 -45.822220 -39.822220 
-19.822220 -18.822220 -20.822220 -24.822220 -26.822220 -27.822220 -30.822220 -32.822220 -35.822220 -39.822220 -41.822220 -42.822220 -45.822220 -44.822220 -37.822220 
-23.822220 -23.822220 -20.822220 -19.822220 -18.822220 -20.822220 -25.822220 -27.822220 -28.822220 -26.822220 -16.822220 0.177780 26.177780 47.177780 52.177780 
-11.822220 -12.822220 -18.822220 -24.822220 -27.822220 -28.822220 -27.822220 -24.822220 -19.822220 16.177780 56.177780 68.177780 76.177780 78.177780 74.177780 
-18.822220 -15.822220 -10.822220 -7.822220 6.177780 15.177780 38.177780 51.177780 71.177780 77.177780 73.177780 66.177780 65.177780 66.177780 66.177780 
24.177780 32.177780 39.177780 46.177780 62.177780 72.177780 80.177780 85.177780 85.177780 84.177780 81.177780 80.177780 82.177780 81.177780 78.177780 
57.177780 61.177780 71.177780 80.177780 83.177780 84.177780 83.177780 82.177780 82.177780 82.177780 81.177780 80.177780 78.177780 74.177780 68.177780 
18.528885 66.528885 52.528885 42.528885 30.528885 15.528885 4.528885 -9.471115 -25.471115 -11.471115 21.528885 31.528885 27.528885 17.528885 13.528885 
62.528885 59.528885 54.528885 47.528885 35.528885 18.528885 -0.471115 -18.471115 -23.471115 -11.471115 12.528885 23.528885 18.528885 8.528885 -2.471115 
56.528885 46.528885 30.528885 18.528885 3.528885 -4.471115 -15.471115 -34.471115 -43.471115 -28.471115 -1.471115 11.528885 9.528885 1.528885 -7.471115 
56.528885 37.528885 23.528885 9.528885 -4.471115 -13.471115 -22.471115 -43.471115 -49.471115 -20.471115 4.528885 4.528885 1.528885 -3.471115 -11.471115 
-5.471115 -12.471115 -14.471115 -17.471115 -16.471115 -21.471115 -32.471115 -68.471115 -73.471115 -64.471115 -45.471115 -35.471115 -30.471115 -30.471115 -35.471115 
-46.471115 -43.471115 -37.471115 -32.471115 -34.471115 -43.471115 -65.471115 -86.471115 -80.471115 -68.471115 -59.471115 -52.471115 -51.471115 -53.471115 -66.471115 
-35.471115 -34.471115 -30.471115 -27.471115 -25.471115 -25.471115 -26.471115 -30.471115 -32.471115 -32.471115 -32.471115 -35.471115 -41.471115 -49.471115 -64.471115 
-29.471115 -30.471115 -28.471115 -26.471115 -21.471115 -18.471115 -20.471115 -23.471115 -25.471115 -25.471115 -29.471115 -35.471115 -43.471115 -47.471115 -46.471115 
-26.471115 -30.471115 -31.471115 -29.471115 -30.471115 -29.471115 -30.471115 -31.471115 -39.471115 -44.471115 -44.471115 -46.471115 -49.471115 -48.471115 -49.471115 
-26.471115 -27.471115 -29.471115 -31.471115 -33.471115 -36.471115 -37.471115 -37.471115 -38.471115 -41.471115 -43.471115 -43.471115 -37.471115 -21.471115 -12.471115 
-14.471115 -18.471115 -23.471115 -27.471115 -29.471115 -29.471115 -31.471115 -33.471115 -32.471115 -31.471115 -31.471115 -35.471115 11.528885 63.528885 64.528885 
-19.471115 -21.471115 -26.471115 -29.471115 -30.471115 -27.471115 -24.471115 -19.471115 -0.471115 50.528885 68.528885 68.528885 65.528885 63.528885 60.528885 
4.528885 9.528885 17.528885 29.528885 37.528885 66.528885 68.528885 71.528885 73.528885 76.528885 76.528885 74.528885 74.528885 75.528885 75.528885 
57.528885 61.528885 74.528885 78.528885 79.528885 80.528885 80.528885 81.528885 81.528885 78.528885 74.528885 75.528885 73.528885 70.528885 68.528885 
62.528885 64.528885 64.528885 64.528885 67.528885 64.528885 64.528885 63.528885 61.528885 55.528885 50.528885 49.528885 43.528885 36.528885 28.528885 
13.386665 79.386665 68.386665 58.386665 38.386665 24.386665 8.386665 -11.613335 -56.613335 3.386665 24.386665 16.386665 -9.613335 -23.613335 -27.613335 
67.386665 77.386665 59.386665 48.386665 32.386665 22.386665 4.386665 -19.613335 -59.613335 13.386665 32.386665 27.386665 14.386665 3.386665 -6.613335 
70.386665 65.386665 55.386665 40.386665 28.386665 15.386665 5.386665 -2.613335 -63.613335 -43.613335 -1.613335 2.386665 -6.613335 -15.613335 -24.613335 
78.386665 61.386665 43.386665 27.386665 13.386665 -11.613335 -16.613335 -24.613335 -50.613335 -40.613335 -28.613335 -14.613335 -9.613335 -10.613335 -19.613335 
48.386665 39.386665 23.386665 5.386665 -1.613335 -6.613335 -7.613335 -18.613335 -49.613335 -40.613335 -29.613335 -20.613335 -11.613335 -8.613335 -15.613335 
-38.613335 -30.613335 -25.613335 -22.613335 -20.613335 -23.613335 -28.613335 -69.613335 -62.613335 -42.613335 -33.613335 -28.613335 -27.613335 -32.613335 -76.613335 
-28.613335 -24.613335 -25.613335 -23.613335 -15.613335 -14.613335 -5.613335 -19.613335 -28.613335 -21.613335 -26.613335 -34.613335 -39.613335 -74.613335 -83.613335 
-5.613335 -7.613335 -8.613335 -8.613335 -11.613335 -9.613335 -6.613335 -6.613335 -3.613335 -2.613335 -6.613335 -14.613335 -18.613335 -19.613335 -19.613335 
-10.613335 -13.613335 -14.613335 -13.613335 -16.613335 -16.613335 -13.613335 -14.613335 -18.613335 -19.613335 -19.613335 -22.613335 -26.613335 -30.613335 -27.613335 
-7.613335 -8.613335 -10.613335 -12.613335 -16.613335 -21.613335 -23.613335 -21.613335 -19.613335 -20.613335 -19.613335 -23.613335 -27.613335 -28.613335 -27.613335 
-3.613335 -7.613335 -8.613335 -8.613335 -6.613335 -11.613335 -16.613335 -15.613335 -18.613335 -20.613335 -24.613335 -27.613335 -27.613335 -26.613335 -24.613335 
-7.613335 -8.613335 -8.613335 -7.613335 -5.613335 -6.613335 -7.613335 -12.613335 -20.613335 -23.613335 -23.613335 -22.613335 -22.613335 -21.613335 -14.613335 
0.386665 0.386665 -4.613335 -10.613335 -15.613335 -16.613335 -14.613335 -11.613335 -11.613335 -2.613335 33.386665 48.386665 49.386665 51.386665 51.386665 
-8.613335 -6.613335 8.386665 46.386665 53.386665 58.386665 67.386665 76.386665 78.386665 78.386665 76.386665 72.386665 69.386665 68.386665 65.386665 
56.386665 55.386665 57.386665 60.386665 57.386665 55.386665 52.386665 50.386665 49.386665 43.386665 41.386665 43.386665 36.386665 30.386665 24.386665 
14 #Negative Sample Size
-53.391113 -52.391113 -51.391113 -52.391113 -53.391113 -53.391113 -52.391113 -53.391113 -52.391113 -55.391113 -55.391113 -55.391113 -53.391113 -51.391113 -51.391113 
-51.391113 -49.391113 -51.391113 -50.391113 -50.391113 -50.391113 -47.391113 -50.391113 -49.391113 -50.391113 -50.391113 -46.391113 -48.391113 -50.391113 -48.391113 
-47.391113 -47.391113 -48.391113 -49.391113 -51.391113 -46.391113 -47.391113 -47.391113 -45.391113 -46.391113 -46.391113 -49.391113 -46.391113 -46.391113 -45.391113 
-46.391113 -45.391113 -46.391113 -46.391113 -45.391113 -47.391113 -45.391113 -44.391113 -44.391113 -40.391113 -42.391113 -43.391113 -44.391113 -46.391113 -39.391113 
81.608887 81.608887 81.608887 81.608887 81.608887 81.608887 81.608887 81.608887 81.608887 81.608887 81.608887 81.608887 81.608887 81.608887 81.608887 
-34.391113 -34.391113 -33.391113 -30.391113 -32.391113 -30.391113 -28.391113 -24.391113 -24.391113 -21.391113 -23.391113 -23.391113 -17.391113 -12.391113 -18.391113 
-18.391113 -15.391113 -18.391113 -15.391113 -21.391113 -23.391113 -24.391113 -27.391113 -24.391113 -25.391113 -25.391113 -27.391113 -24.391113 -32.391113 -32.391113 
12.608887 13.608887 11.608887 12.608887 11.608887 10.608887 11.608887 13.608887 15.608887 11.608887 12.608887 11.608887 11.608887 12.608887 12.608887 
51.608887 59.608887 56.608887 56.608887 55.608887 62.608887 60.608887 63.608887 59.608887 38.608887 51.608887 48.608887 43.608887 42.608887 31.608887 
81.608887 80.608887 73.608887 69.608887 79.608887 81.608887 81.608887 81.608887 75.608887 81.608887 79.608887 80.608887 80.608887 78.608887 75.608887 
80.608887 77.608887 75.608887 78.608887 74.608887 75.608887 72.608887 77.608887 76.608887 75.608887 74.608887 74.608887 73.608887 72.608887 73.608887 
74.608887 72.608887 71.608887 70.608887 70.608887 68.608887 73.608887 71.608887 69.608887 69.608887 68.608887 65.608887 64.608887 66.608887 68.608887 
67.608887 65.608887 61.608887 63.608887 63.608887 62.608887 61.608887 62.608887 65.608887 62.608887 64.608887 62.608887 59.608887 62.608887 66.608887 
54.608887 46.608887 47.608887 3.608887 -69.391113 -68.391113 -63.391113 -64.391113 -58.391113 -78.391113 -98.391113 -106.391113 -121.391113 -112.391113 -108.391113 
-137.391113 -138.391113 -140.391113 -144.391113 -143.391113 -136.391113 -135.391113 -140.391113 -142.391113 -136.391113 -131.391113 -139.391113 -134.391113 -120.391113 -127.391113 
-36.915558 -35.915558 -34.915558 -36.915558 -35.915558 -37.915558 -37.915558 -37.915558 -37.915558 -36.915558 -34.915558 -36.915558 -35.915558 -33.915558 -35.915558 
-36.915558 -35.915558 -36.915558 -37.915558 -37.915558 -40.915558 -39.915558 -38.915558 -38.915558 -39.915558 -39.915558 -39.915558 -36.915558 -38.915558 -39.915558 
65.084442 63.084442 61.084442 59.084442 60.084442 61.084442 62.084442 62.084442 60.084442 60.084442 63.084442 63.084442 60.084442 58.084442 58.084442 
52.084442 49.084442 53.084442 49.084442 47.084442 47.084442 48.084442 49.084442 46.084442 43.084442 45.084442 48.084442 47.084442 47.084442 44.084442 
-23.915558 -29.915558 -25.915558 -29.915558 -29.915558 -33.915558 -36.915558 -34.915558 -30.915558 -38.915558 -41.915558 -42.915558 -41.915558 -47.915558 -49.915558 
-66.915558 -63.915558 -62.915558 -61.915558 -65.915558 -66.915558 -67.915558 -69.915558 -65.915558 -64.915558 -62.915558 -62.915558 -63.915558 -64.915558 -63.915558 
-60.915558 -61.915558 -63.915558 -63.915558 -62.915558 -62.915558 -65.915558 -66.915558 -67.915558 -66.915558 -68.915558 -68.915558 -68.915558 -69.915558 -73.915558 
-28.915558 -28.915558 -28.915558 -29.915558 -29.915558 -29.915558 -30.915558 -30.915558 -31.915558 -33.915558 -32.915558 -31.915558 -31.915558 -31.915558 -34.915558 
-1.915558 -0.915558 -0.915558 -2.915558 -3.915558 -4.915558 -4.915558 -1.915558 -4.915558 -5.915558 -4.915558 -0.915558 -0.915558 -2.915558 -2.915558 
-0.915558 -2.915558 -1.915558 -0.915558 0.084442 -3.915558 -3.915558 -3.915558 -3.915558 -1.915558 -3.915558 -5.915558 -5.915558 -5.915558 -5.915558 
-3.915558 -3.915558 -2.915558 -2.915558 -3.915558 -2.915558 -3.915558 -3.915558 -3.915558 -3.915558 -3.915558 -3.915558 -4.915558 -6.915558 -6.915558 
44.084442 44.084442 44.084442 49.084442 49.084442 48.084442 45.084442 45.084442 43.084442 45.084442 45.084442 41.084442 43.084442 43.084442 41.084442 
50.084442 51.084442 47.084442 46.084442 46.084442 44.084442 43.084442 41.084442 43.084442 42.084442 43.084442 42.084442 42.084442 42.084442 45.084442 
43.084442 44.084442 45.084442 43.084442 43.084442 45.084442 46.084442 43.084442 43.084442 43.084442 46.084442 43.084442 42.084442 40.084442 40.084442 
45.084442 44.084442 42.084442 44.084442 42.084442 43.084442 43.084442 43.084442 43.084442 44.084442 43.084442 43.084442 41.084442 42.084442 41.084442 
128.355560 128.355560 128.355560 128.355560 128.355560 128.355560 128.355560 127.355553 127.355553 126.355553 126.355553 126.355553 125.355553 125.355553 127.355553 
128.355560 128.355560 128.355560 128.355560 128.355560 128.355560 128.355560 128.355560 127.355553 126.355553 127.355553 126.355553 126.355553 126.355553 126.355553 
116.355553 128.355560 128.355560 128.355560 128.355560 128.355560 128.355560 127.355553 125.355553 126.355553 127.355553 126.355553 127.355553 127.355553 126.355553 
63.355553 128.355560 128.355560 128.355560 128.355560 128.355560 128.355560 127.355553 127.355553 127.355553 128.355560 128.355560 128.355560 128.355560 128.355560 
26.355553 128.355560 128.355560 128.355560 128.355560 128.355560 128.355560 128.355560 128.355560 128.355560 128.355560 128.355560 128.355560 128.355560 128.355560 
-28.644447 128.355560 128.355560 128.355560 128.355560 128.355560 128.355560 128.355560 128.355560 127.355553 128.355560 128.355560 128.355560 128.355560 128.355560 
-105.644447 -103.644447 -107.644447 -109.644447 -111.644447 -112.644447 -111.644447 -108.644447 -84.644447 -62.644447 -26.644447 21.355553 60.355553 121.355553 128.355560 
-118.644447 -118.644447 -115.644447 -112.644447 -109.644447 -109.644447 -114.644447 -118.644447 -121.644447 -120.644447 -115.644447 -105.644447 -98.644447 -97.644447 -102.644447 
-119.644447 -120.644447 -124.644447 -124.644447 -124.644447 -123.644447 -123.644447 -121.644447 -117.644447 -116.644447 -116.644447 -113.644447 -112.644447 -114.644447 -115.644447 
-125.644447 -126.644447 -125.644447 -124.644447 -122.644447 -122.644447 -118.644447 -113.644447 -112.644447 -117.644447 -118.644447 -122.644447 -124.644447 -124.644447 -123.644447 
-124.644447 -125.644447 -126.644447 -126.644447 -126.644447 -126.644447 -125.644447 -126.644447 -126.644447 -125.644447 -125.644447 -125.644447 -126.644447 -126.644447 -126.644447 
-124.644447 -124.644447 -124.644447 -125.644447 -125.644447 -124.644447 -122.644447 -123.644447 -124.644447 -126.644447 -126.644447 -126.644447 -126.644447 -126.644447 -126.644447 
-86.644447 -87.644447 -85.644447 -84.644447 -83.644447 -85.644447 -88.644447 -93.644447 -96.644447 -95.644447 -94.644447 -97.644447 -101.644447 -104.644447 -108.644447 
8.355553 36.355553 50.355553 19.355553 -0.644447 -10.644447 -17.644447 -22.644447 -27.644447 -26.644447 -29.644447 -30.644447 -31.644447 -32.644447 -34.644447 
36.355553 86.355553 79.355553 25.355553 12.355553 6.355553 2.355553 -0.644447 -4.644447 -6.644447 -9.644447 -12.644447 -15.644447 -19.644447 -21.644447 
-30.653336 -29.653336 -30.653336 -32.653336 -32.653336 -31.653336 -30.653336 -34.653336 -36.653336 -36.653336 -36.653336 -37.653336 -37.653336 -37.653336 -38.653336 
-27.653336 -29.653336 -29.653336 -28.653336 -25.653336 -21.653336 -21.653336 -22.653336 -23.653336 -23.653336 -22.653336 -24.653336 -25.653336 -24.653336 -25.653336 
-26.653336 -28.653336 -25.653336 -25.653336 -20.653336 -19.653336 -19.653336 -18.653336 -18.653336 -19.653336 -18.653336 -19.653336 -21.653336 -19.653336 -18.653336 
-24.653336 -25.653336 -27.653336 -27.653336 -26.653336 -22.653336 -20.653336 -22.653336 -23.653336 -21.653336 -19.653336 -19.653336 -20.653336 -19.653336 -19.653336 
-24.653336 -25.653336 -25.653336 -26.653336 -26.653336 -25.653336 -24.653336 -25.653336 -23.653336 -24.653336 -24.653336 -24.653336 -24.653336 -22.653336 -19.653336 
-19.653336 -17.653336 -18.653336 -19.653336 -18.653336 -18.653336 -18.653336 -17.653336 -17.653336 -17.653336 -17.653336 -19.653336 -19.653336 -21.653336 -19.653336 
-17.653336 -16.653336 -18.653336 -22.653336 -21.653336 -17.653336 -15.653336 -15.653336 -16.653336 -15.653336 -13.653336 -14.653336 -14.653336 -15.653336 -15.653336 
-19.653336 -18.653336 -18.653336 -19.653336 -20.653336 -18.653336 -18.653336 -18.653336 -18.653336 -18.653336 -18.653336 -17.653336 -15.653336 -14.653336 -15.653336 
-22.653336 -21.653336 -18.653336 -16.653336 -16.653336 -18.653336 -19.653336 -18.653336 -14.653336 -15.653336 -15.653336 -18.653336 -18.653336 -17.653336 -15.653336 
-20.653336 -19.653336 -18.653336 -18.653336 -18.653336 -18.653336 -18.653336 -17.653336 -18.653336 -18.653336 -17.653336 -15.653336 -15.653336 -16.653336 -17.653336 
-25.653336 -25.653336 -25.653336 -28.653336 -27.653336 -27.653336 -25.653336 -25.653336 -25.653336 -23.653336 -20.653336 -17.653336 -14.653336 -17.653336 -17.653336 
-22.653336 -23.653336 -23.653336 -24.653336 -23.653336 -23.653336 -23.653336 -19.653336 -18.653336 -18.653336 -17.653336 -17.653336 -16.653336 -17.653336 -15.653336 
-14.653336 -14.653336 -13.653336 -12.653336 -12.653336 -12.653336 -12.653336 -14.653336 -15.653336 -15.653336 -13.653336 -12.653336 -13.653336 -11.653336 -11.653336 
141.346664 141.346664 141.346664 141.346664 141.346664 141.346664 141.346664 141.346664 141.346664 141.346664 141.346664 141.346664 141.346664 141.346664 141.346664 
131.346664 131.346664 132.346664 134.346664 133.346664 129.346664 134.346664 135.346664 134.346664 134.346664 135.346664 135.346664 138.346664 140.346664 137.346664 
9.324448 10.324448 10.324448 2.324448 -3.675552 -7.675552 -10.675552 -11.675552 -10.675552 -13.675552 -12.675552 -12.675552 -11.675552 -11.675552 -11.675552 
13.324448 14.324448 12.324448 8.324448 1.324448 -3.675552 -3.675552 -5.675552 -6.675552 -8.675552 -8.675552 -9.675552 -12.675552 -13.675552 -12.675552 
13.324448 14.324448 14.324448 12.324448 8.324448 6.324448 0.324448 -6.675552 -7.675552 -7.675552 -5.675552 -8.675552 -10.675552 -7.675552 -9.675552 
13.324448 14.324448 14.324448 12.324448 11.324448 9.324448 3.324448 -3.675552 -7.675552 -8.675552 -7.675552 -6.675552 -5.675552 -8.675552 -8.675552 
14.324448 14.324448 14.324448 14.324448 11.324448 9.324448 7.324448 2.324448 -0.675552 -2.675552 -2.675552 -1.675552 -4.675552 -8.675552 -10.675552 
14.324448 14.324448 14.324448 14.324448 14.324448 13.324448 10.324448 5.324448 2.324448 3.324448 2.324448 -4.675552 -5.675552 -4.675552 -2.675552 
8.324448 14.324448 14.324448 14.324448 14.324448 13.324448 8.324448 6.324448 4.324448 2.324448 1.324448 2.324448 -0.675552 -4.675552 -5.675552 
-21.675552 14.324448 14.324448 14.324448 14.324448 14.324448 13.324448 11.324448 8.324448 7.324448 4.324448 3.324448 3.324448 1.324448 0.324448 
-79.675552 14.324448 14.324448 14.324448 14.324448 14.324448 14.324448 12.324448 9.324448 5.324448 6.324448 5.324448 6.324448 9.324448 8.324448 
-116.675552 14.324448 14.324448 14.324448 14.324448 14.324448 14.324448 14.324448 12.324448 11.324448 9.324448 8.324448 4.324448 4.324448 3.324448 
-155.675552 14.324448 14.324448 14.324448 14.324448 14.324448 14.324448 14.324448 14.324448 10.324448 11.324448 11.324448 9.324448 8.324448 9.324448 
-175.675552 -1.675552 14.324448 14.324448 14.324448 14.324448 14.324448 14.324448 14.324448 14.324448 13.324448 12.324448 12.324448 11.324448 9.324448 
-178.675552 -63.675552 14.324448 14.324448 14.324448 14.324448 14.324448 14.324448 14.324448 12.324448 11.324448 11.324448 12.324448 11.324448 11.324448 
-172.675552 -130.675552 14.324448 14.324448 14.324448 14.324448 14.324448 14.324448 14.324448 12.324448 13.324448 11.324448 11.324448 11.324448 12.324448 
-170.675552 -158.675552 4.324448 14.324448 14.324448 14.324448 14.324448 14.324448 14.324448 14.324448 13.324448 12.324448 12.324448 11.324448 12.324448 
16.395554 19.395554 18.395554 15.395554 17.395554 17.395554 17.395554 17.395554 14.395554 13.395554 14.395554 15.395554 13.395554 12.395554 10.395554 
21.395554 21.395554 20.395554 20.395554 21.395554 18.395554 17.395554 16.395554 17.395554 18.395554 17.395554 17.395554 16.395554 16.395554 17.395554 
24.395554 22.395554 23.395554 22.395554 23.395554 22.395554 21.395554 21.395554 20.395554 19.395554 14.395554 2.395554 -13.604446 -26.604446 -40.604446 
33.395554 33.395554 34.395554 32.395554 29.395554 24.395554 24.395554 21.395554 11.395554 -17.604446 -32.604446 -40.604446 -46.604446 -54.604446 -63.604446 
48.395554 47.395554 49.395554 50.395554 46.395554 35.395554 11.395554 -33.604446 -40.604446 -45.604446 -46.604446 -49.604446 -51.604446 -56.604446 -63.604446 
48.395554 48.395554 47.395554 43.395554 3.395554 -30.604446 -41.604446 -46.604446 -48.604446 -48.604446 -51.604446 -51.604446 -53.604446 -52.604446 -51.604446 
49.395554 47.395554 36.395554 -17.604446 -32.604446 -44.604446 -52.604446 -55.604446 -57.604446 -58.604446 -57.604446 -53.604446 -51.604446 -51.604446 -49.604446 
52.395554 46.395554 22.395554 -41.604446 -51.604446 -60.604446 -66.604446 -68.604446 -69.604446 -68.604446 -67.604446 -60.604446 -54.604446 -48.604446 -31.604446 
45.395554 34.395554 -13.604446 -50.604446 -53.604446 -56.604446 -65.604446 -68.604446 -62.604446 -56.604446 -49.604446 -40.604446 -28.604446 -7.604446 20.395554 
49.395554 44.395554 -7.604446 -41.604446 -48.604446 -51.604446 -50.604446 -47.604446 -45.604446 -45.604446 -43.604446 -34.604446 -19.604446 27.395554 52.395554 
53.395554 46.395554 19.395554 -47.604446 -56.604446 -59.604446 -63.604446 -63.604446 -65.604446 -65.604446 -59.604446 -43.604446 -23.604446 33.395554 51.395554 
59.395554 57.395554 53.395554 -21.604446 -57.604446 -65.604446 -65.604446 -61.604446 -55.604446 -51.604446 -42.604446 -6.604446 31.395554 58.395554 73.395554 
182.395554 182.395554 182.395554 173.395554 81.395554 -60.604446 -53.604446 -50.604446 -42.604446 -39.604446 -31.604446 -8.604446 63.395554 63.395554 44.395554 
181.395554 181.395554 181.395554 180.395554 166.395554 82.395554 -36.604446 -42.604446 -41.604446 -38.604446 -33.604446 1.395554 -1.604446 -9.604446 -26.604446 
84.395554 83.395554 81.395554 79.395554 78.395554 75.395554 53.395554 15.395554 -15.604446 -61.604446 -63.604446 -37.604446 39.395554 36.395554 26.395554 
66.080002 66.080002 67.080002 67.080002 67.080002 66.080002 67.080002 67.080002 67.080002 67.080002 67.080002 67.080002 67.080002 67.080002 67.080002 
-21.919998 -22.919998 -24.919998 -26.919998 -28.919998 -27.919998 -27.919998 -29.919998 -30.919998 -27.919998 -34.919998 -30.919998 -30.919998 -33.919998 -34.919998 
-66.919998 -65.919998 -64.919998 -63.919998 -62.919998 -61.919998 -61.919998 -60.919998 -60.919998 -58.919998 -60.919998 -60.919998 -59.919998 -58.919998 -58.919998 
-63.919998 -65.919998 -66.919998 -66.919998 -64.919998 -62.919998 -63.919998 -64.919998 -63.919998 -64.919998 -64.919998 -63.919998 -64.919998 -66.919998 -66.919998 
-35.919998 -34.919998 -30.919998 -27.919998 -28.919998 -30.919998 -32.919998 -32.919998 -32.919998 -31.919998 -30.919998 -29.919998 -28.919998 -29.919998 -32.919998 
-59.919998 -27.919998 -11.919998 -7.919998 -5.919998 -4.919998 -2.919998 -3.919998 -4.919998 -2.919998 -2.919998 -4.919998 -4.919998 -4.919998 -4.919998 
-77.919998 -78.919998 -81.919998 -79.919998 -79.919998 -72.919998 -60.919998 -39.919998 -20.919998 -7.919998 -5.919998 -3.919998 -3.919998 -4.919998 -4.919998 
-97.919998 -95.919998 -92.919998 -91.919998 -87.919998 -84.919998 -85.919998 -84.919998 -80.919998 -58.919998 -7.919998 -5.919998 -4.919998 -3.919998 -6.919998 
-60.919998 -60.919998 -71.919998 -75.919998 -75.919998 -77.919998 -80.919998 -54.919998 44.080002 58.080002 56.080002 56.080002 57.080002 53.080002 50.080002 
-27.919998 -40.919998 -53.919998 -65.919998 -72.919998 -74.919998 33.080002 65.080002 66.080002 67.080002 67.080002 67.080002 67.080002 66.080002 67.080002 
-62.919998 -65.919998 -70.919998 -74.919998 -71.919998 39.080002 63.080002 66.080002 67.080002 67.080002 67.080002 67.080002 65.080002 65.080002 64.080002 
-77.919998 -81.919998 -78.919998 -46.919998 51.080002 63.080002 64.080002 65.080002 66.080002 67.080002 65.080002 67.080002 67.080002 67.080002 67.080002 
28.080002 47.080002 56.080002 63.080002 64.080002 63.080002 64.080002 65.080002 64.080002 65.080002 65.080002 66.080002 63.080002 65.080002 67.080002 
58.080002 59.080002 59.080002 62.080002 63.080002 63.080002 63.080002 63.080002 64.080002 66.080002 63.080002 61.080002 61.080002 64.080002 65.080002 
57.080002 59.080002 60.080002 60.080002 60.080002 62.080002 59.080002 59.080002 59.080002 59.080002 61.080002 57.080002 57.080002 59.080002 60.080002 
-25.680000 -24.680000 -25.680000 -22.680000 -21.680000 -21.680000 -20.680000 -22.680000 -25.680000 -26.680000 -27.680000 -26.680000 -25.680000 -24.680000 -22.680000 
-22.680000 -24.680000 -23.680000 -21.680000 -19.680000 -19.680000 -18.680000 -18.680000 -21.680000 -21.680000 -22.680000 -22.680000 -21.680000 -22.680000 -21.680000 
-17.680000 -17.680000 -15.680000 -15.680000 -17.680000 -20.680000 -20.680000 -17.680000 -16.680000 -16.680000 -15.680000 -16.680000 -15.680000 -17.680000 -16.680000 
-13.680000 -13.680000 -13.680000 -13.680000 -12.680000 -11.680000 -12.680000 -13.680000 -14.680000 -16.680000 -15.680000 -13.680000 -12.680000 -14.680000 -15.680000 
-14.680000 -15.680000 -12.680000 -13.680000 -15.680000 -15.680000 -15.680000 -15.680000 -15.680000 -14.680000 -13.680000 -13.680000 -11.680000 -11.680000 -10.680000 
-18.680000 -15.680000 -14.680000 -14.680000 -15.680000 -15.680000 -13.680000 -12.680000 -12.680000 -12.680000 -14.680000 -13.680000 -13.680000 -14.680000 -13.680000 
-14.680000 -13.680000 -12.680000 -15.680000 -15.680000 -16.680000 -13.680000 -13.680000 -12.680000 -12.680000 -12.680000 -11.680000 -12.680000 -12.680000 -11.680000 
45.320000 38.320000 12.320000 -5.680000 -12.680000 -13.680000 -16.680000 -15.680000 -14.680000 -13.680000 -13.680000 -14.680000 -14.680000 -13.680000 -12.680000 
32.320000 16.320000 6.320000 -2.680000 -10.680000 -11.680000 -14.680000 -14.680000 -14.680000 -14.680000 -13.680000 -13.680000 -12.680000 -9.680000 -11.680000 
30.320000 18.320000 9.320000 3.320000 -4.680000 -11.680000 -15.680000 -17.680000 -15.680000 -12.680000 -13.680000 -12.680000 -12.680000 -12.680000 -12.680000 
21.320000 16.320000 10.320000 4.320000 -1.680000 -6.680000 -10.680000 -12.680000 -12.680000 -11.680000 -9.680000 -8.680000 -11.680000 -10.680000 -9.680000 
27.320000 21.320000 12.320000 9.320000 8.320000 8.320000 5.320000 120.320000 125.320000 127.320000 127.320000 127.320000 127.320000 127.320000 127.320000 
11.320000 7.320000 1.320000 -0.680000 0.320000 3.320000 10.320000 39.320000 126.320000 127.320000 127.320000 127.320000 127.320000 127.320000 127.320000 
8.320000 6.320000 3.320000 -0.680000 -3.680000 -5.680000 -6.680000 -11.680000 -9.680000 -2.680000 -1.680000 1.320000 3.320000 3.320000 5.320000 
-0.680000 -5.680000 -7.680000 -6.680000 -5.680000 -4.680000 -3.680000 -3.680000 2.320000 7.320000 4.320000 13.320000 10.320000 14.320000 14.320000 
0.204445 1.204445 1.204445 0.204445 -1.795555 -3.795555 -2.795555 -5.795555 -5.795555 -4.795555 -3.795555 -1.795555 -1.795555 1.204445 1.204445 
0.204445 -1.795555 -0.795555 -0.795555 -0.795555 -1.795555 -2.795555 -0.795555 0.204445 1.204445 -1.795555 -1.795555 -1.795555 -2.795555 -2.795555 
-0.795555 1.204445 1.204445 0.204445 -0.795555 -1.795555 1.204445 1.204445 1.204445 1.204445 1.204445 -1.795555 -2.795555 -1.795555 0.204445 
-2.795555 -2.795555 -3.795555 -1.795555 -1.795555 -0.795555 -0.795555 -0.795555 -3.795555 -1.795555 -1.795555 -2.795555 -0.795555 -0.795555 0.204445 
-4.795555 -5.795555 -9.795555 -11.795555 -8.795555 -5.795555 -4.795555 -3.795555 -1.795555 -3.795555 -4.795555 -1.795555 -0.795555 -4.795555 -2.795555 
-1.795555 -2.795555 -4.795555 -5.795555 -6.795555 -10.795555 -12.795555 -13.795555 -11.795555 -6.795555 -8.795555 -6.795555 -2.795555 0.204445 1.204445 
0.204445 0.204445 -0.795555 -1.795555 -2.795555 -1.795555 -1.795555 -1.795555 -2.795555 -5.795555 -6.795555 -6.795555 -4.795555 -4.795555 -3.795555 
-4.795555 -2.795555 -3.795555 -5.795555 -7.795555 -12.795555 -21.795555 -32.795555 -44.795555 -49.795555 -49.795555 -54.795555 -71.795555 -77.795555 -79.795555 
-9.795555 -35.795555 -50.795555 -54.795555 -62.795555 -65.795555 -70.795555 -71.795555 -72.795555 -80.795555 -84.795555 -81.795555 -66.795555 -60.795555 -67.795555 
-78.795555 -83.795555 -84.795555 -85.795555 -85.795555 -85.795555 -86.795555 -86.795555 -83.795555 -80.795555 -81.795555 -82.795555 -81.795555 -83.795555 -84.795555 
-83.795555 -83.795555 -80.795555 -76.795555 -73.795555 -72.795555 -72.795555 -72.795555 -77.795555 -79.795555 -80.795555 -82.795555 -77.795555 -73.795555 -73.795555 
-64.795555 -61.795555 -57.795555 -57.795555 -57.795555 -48.795555 -27.795555 15.204445 37.204445 60.204445 79.204445 84.204445 62.204445 19.204445 -7.795555 
-19.795555 2.204445 34.204445 73.204445 83.204445 94.204445 99.204445 109.204445 111.204445 117.204445 121.204445 127.204445 157.204437 161.204437 106.204445 
63.204445 78.204445 80.204445 78.204445 73.204445 74.204445 74.204445 77.204445 85.204445 93.204445 102.204445 111.204445 112.204445 133.204437 126.204445 
61.204445 73.204445 79.204445 82.204445 87.204445 93.204445 98.204445 98.204445 105.204445 108.204445 112.204445 109.204445 101.204445 98.204445 152.204437 
56.213333 48.213333 41.213333 30.213333 7.213333 -5.786667 -35.786667 45.213333 78.213333 72.213333 66.213333 51.213333 34.213333 20.213333 6.213333 
42.213333 35.213333 25.213333 15.213333 -2.786667 -28.786667 0.213333 56.213333 51.213333 43.213333 43.213333 37.213333 28.213333 7.213333 0.213333 
60.213333 45.213333 27.213333 12.213333 -0.786667 -17.786667 -58.786667 -10.786667 -11.786667 -25.786667 -29.786667 -32.786667 -27.786667 -21.786667 -21.786667 
-9.786667 -17.786667 -22.786667 -23.786667 -26.786667 -30.786667 -85.786667 -81.786667 -63.786667 -57.786667 -56.786667 -52.786667 -45.786667 -35.786667 -37.786667 
-33.786667 -35.786667 -37.786667 -42.786667 -51.786667 -69.786667 -35.786667 -27.786667 -23.786667 -23.786667 -24.786667 -22.786667 -22.786667 -21.786667 -18.786667 
19.213333 9.213333 1.213333 4.213333 8.213333 -1.786667 -11.786667 -15.786667 -16.786667 -19.786667 -21.786667 -23.786667 -25.786667 -23.786667 -25.786667 
6.213333 -3.786667 -8.786667 -13.786667 -15.786667 -16.786667 -18.786667 -16.786667 -16.786667 -18.786667 -21.786667 -22.786667 -23.786667 -26.786667 -27.786667 
-34.786667 -36.786667 -31.786667 -26.786667 -23.786667 -21.786667 -19.786667 -20.786667 -21.786667 -24.786667 -26.786667 -25.786667 -25.786667 -26.786667 -25.786667 
-16.786667 -16.786667 -16.786667 -13.786667 -12.786667 -9.786667 -5.786667 -3.786667 -3.786667 -7.786667 -12.786667 -17.786667 -22.786667 -28.786667 -32.786667 
1.213333 2.213333 -4.786667 -12.786667 -14.786667 -15.786667 -15.786667 -16.786667 -18.786667 -18.786667 -18.786667 -14.786667 -15.786667 -16.786667 -19.786667 
-7.786667 -9.786667 -8.786667 -9.786667 -10.786667 -10.786667 -11.786667 -10.786667 -7.786667 -3.786667 -1.786667 10.213333 21.213333 35.213333 59.213333 
-6.786667 -10.786667 -12.786667 -12.786667 -8.786667 -1.786667 14.213333 21.213333 32.213333 44.213333 52.213333 56.213333 70.213333 76.213333 78.213333 
-0.786667 -1.786667 2.213333 12.213333 22.213333 33.213333 44.213333 52.213333 59.213333 58.213333 57.213333 59.213333 60.213333 61.213333 57.213333 
11.213333 15.213333 22.213333 29.213333 33.213333 37.213333 47.213333 53.213333 52.213333 49.213333 45.213333 39.213333 39.213333 37.213333 35.213333 
0.213333 -4.786667 -3.786667 0.213333 2.213333 8.213333 11.213333 13.213333 13.213333 9.213333 9.213333 6.213333 0.213333 -5.786667 -5.786667 
-48.066666 8.933334 55.933334 80.933334 83.933334 83.933334 83.933334 83.933334 83.933334 83.933334 83.933334 83.933334 83.933334 83.933334 83.933334 
-53.066666 -0.066666 38.933334 76.933334 83.933334 83.933334 83.933334 83.933334 83.933334 83.933334 83.933334 83.933334 83.933334 83.933334 83.933334 
-65.066666 -49.066666 -37.066666 -29.066666 -22.066666 -33.066666 -38.066666 -41.066666 -41.066666 -44.066666 -41.066666 -45.066666 -43.066666 -40.066666 -42.066666 
-59.066666 -48.066666 -42.066666 -34.066666 -33.066666 -38.066666 -43.066666 -47.066666 -47.066666 -45.066666 -45.066666 -46.066666 -43.066666 -40.066666 -40.066666 
-77.066666 -52.066666 -48.066666 -49.066666 -53.066666 -59.066666 -67.066666 -70.066666 -70.066666 -70.066666 -69.066666 -63.066666 -59.066666 -58.066666 -57.066666 
-117.066666 -106.066666 -61.066666 -62.066666 -69.066666 -76.066666 -82.066666 -84.066666 -83.066666 -80.066666 -81.066666 -77.066666 -70.066666 -65.066666 -62.066666 
-65.066666 -35.066666 -36.066666 -33.066666 -32.066666 -40.066666 -57.066666 -67.066666 -74.066666 -79.066666 -80.066666 -81.066666 -81.066666 -80.066666 -70.066666 
-26.066666 -20.066666 -1.066666 5.933334 2.933334 -4.066666 -16.066666 -26.066666 -43.066666 -53.066666 -72.066666 -74.066666 -70.066666 -56.066666 -38.066666 
-8.066666 -12.066666 -9.066666 -8.066666 -9.066666 -9.066666 -16.066666 -26.066666 -35.066666 -46.066666 -55.066666 -57.066666 -41.066666 -28.066666 -11.066666 
-28.066666 -30.066666 -40.066666 -40.066666 -38.066666 -45.066666 -51.066666 -55.066666 -58.066666 -61.066666 -53.066666 -36.066666 -12.066666 -1.066666 11.933334 
-58.066666 -62.066666 -67.066666 -68.066666 -68.066666 -65.066666 -46.066666 -29.066666 -9.066666 7.933334 18.933334 36.933334 62.933334 81.933334 83.933334 
-67.066666 -57.066666 -26.066666 -5.066666 3.933334 18.933334 29.933334 38.933334 51.933334 58.933334 67.933334 78.933334 83.933334 81.933334 83.933334 
16.933334 29.933334 39.933334 49.933334 58.933334 67.933334 74.933334 78.933334 81.933334 79.933334 80.933334 83.933334 83.933334 83.933334 82.933334 
63.933334 73.933334 76.933334 79.933334 82.933334 83.933334 81.933334 81.933334 82.933334 83.933334 81.933334 82.933334 81.933334 81.933334 80.933334 
79.933334 80.933334 79.933334 78.933334 77.933334 78.933334 81.933334 80.933334 79.933334 80.933334 79.933334 78.933334 78.933334 81.933334 81.933334 
-6.817780 -7.817780 -9.817780 -8.817780 -7.817780 -7.817780 -6.817780 -7.817780 -8.817780 -8.817780 -9.817780 -11.817780 -10.817780 -9.817780 -6.817780 
-6.817780 -8.817780 -8.817780 -10.817780 -11.817780 -10.817780 -10.817780 -12.817780 -12.817780 -9.817780 -6.817780 -4.817780 -3.817780 -4.817780 -5.817780 
-0.817780 0.182220 -1.817780 -1.817780 -1.817780 -2.817780 -2.817780 -2.817780 -2.817780 -2.817780 -0.817780 0.182220 0.182220 -0.817780 -1.817780 
-2.817780 -2.817780 -2.817780 -4.817780 -5.817780 -5.817780 -6.817780 -6.817780 -6.817780 -5.817780 -6.817780 -7.817780 -12.817780 -15.817780 -15.817780 
-1.817780 -1.817780 -2.817780 -2.817780 -5.817780 -8.817780 -13.817780 -19.817780 -28.817780 -41.817780 -46.817780 -47.817780 -46.817780 -50.817780 -58.817780 
-5.817780 -24.817780 -36.817780 -43.817780 -49.817780 -51.817780 -56.817780 -60.817780 -63.817780 -63.817780 -61.817780 -66.817780 -74.817780 -75.817780 -68.817780 
-68.817780 -75.817780 -79.817780 -81.817780 -81.817780 -81.817780 -81.817780 -81.817780 -80.817780 -80.817780 -77.817780 -74.817780 -73.817780 -73.817780 -71.817780 
-80.817780 -80.817780 -80.817780 -80.817780 -77.817780 -74.817780 -73.817780 -76.817780 -79.817780 -80.817780 -79.817780 -79.817780 -79.817780 -80.817780 -80.817780 
-74.817780 -74.817780 -71.817780 -69.817780 -67.817780 -69.817780 -69.817780 -68.817780 -67.817780 -71.817780 -74.817780 -77.817780 -78.817780 -78.817780 -78.817780 
-59.817780 -59.817780 -62.817780 -67.817780 -69.817780 -69.817780 -65.817780 -61.817780 -55.817780 -37.817780 -14.817780 4.182220 34.182220 47.182220 46.182220 
-52.817780 -46.817780 -35.817780 -8.817780 6.182220 40.182220 69.182220 76.182220 81.182220 95.182220 104.182220 109.182220 116.182220 119.182220 143.182220 
31.182220 44.182220 69.182220 70.182220 73.182220 78.182220 79.182220 79.182220 85.182220 89.182220 88.182220 86.182220 95.182220 105.182220 115.182220 
67.182220 69.182220 70.182220 70.182220 70.182220 68.182220 68.182220 70.182220 76.182220 83.182220 87.182220 94.182220 103.182220 108.182220 110.182220 
63.182220 67.182220 70.182220 74.182220 76.182220 80.182220 84.182220 85.182220 88.182220 93.182220 97.182220 101.182220 109.182220 113.182220 109.182220 
66.182220 70.182220 76.182220 77.182220 78.182220 80.182220 81.182220 76.182220 68.182220 63.182220 59.182220 55.182220 52.182220 50.182220 40.182220 
-26.728882 -6.728882 70.271118 67.271118 49.271118 40.271118 16.271118 -12.728882 -36.728882 -50.728882 -5.728882 62.271118 58.271118 52.271118 43.271118 
23.271118 64.271118 50.271118 41.271118 26.271118 16.271118 3.271118 -24.728882 -37.728882 4.271118 63.271118 62.271118 56.271118 41.271118 24.271118 
50.271118 45.271118 37.271118 28.271118 12.271118 1.271118 -22.728882 -37.728882 -1.728882 57.271118 61.271118 58.271118 45.271118 26.271118 13.271118 
45.271118 44.271118 38.271118 26.271118 12.271118 -7.728882 -21.728882 -22.728882 -9.728882 2.271118 -1.728882 -11.728882 -29.728882 -31.728882 -29.728882 
24.271118 18.271118 -3.728882 -14.728882 -19.728882 -22.728882 -28.728882 -41.728882 -65.728882 -63.728882 -56.728882 -52.728882 -51.728882 -48.728882 -44.728882 
-11.728882 -25.728882 -31.728882 -32.728882 -33.728882 -37.728882 -46.728882 -70.728882 -73.728882 -53.728882 -42.728882 -33.728882 -32.728882 -31.728882 -30.728882 
19.271118 19.271118 11.271118 3.271118 -4.728882 -8.728882 -8.728882 -6.728882 -12.728882 -19.728882 -23.728882 -27.728882 -30.728882 -31.728882 -34.728882 
28.271118 14.271118 3.271118 -4.728882 -13.728882 -17.728882 -21.728882 -21.728882 -22.728882 -19.728882 -19.728882 -24.728882 -29.728882 -29.728882 -32.728882 
-5.728882 -11.728882 -21.728882 -21.728882 -20.728882 -23.728882 -25.728882 -24.728882 -22.728882 -19.728882 -20.728882 -23.728882 -28.728882 -30.728882 -31.728882 
-2.728882 -10.728882 -14.728882 -16.728882 -19.728882 -22.728882 -21.728882 -19.728882 -17.728882 -15.728882 -15.728882 -14.728882 -18.728882 -22.728882 -28.728882 
3.271118 0.271118 -2.728882 -3.728882 -6.728882 -9.728882 -12.728882 -15.728882 -15.728882 -15.728882 -20.728882 -22.728882 -24.728882 -26.728882 -26.728882 
2.271118 2.271118 2.271118 0.271118 -5.728882 -9.728882 -11.728882 -9.728882 -10.728882 -10.728882 -7.728882 0.271118 7.271118 15.271118 24.271118 
1.271118 -0.728882 -1.728882 -3.728882 -5.728882 -6.728882 -6.728882 -2.728882 4.271118 17.271118 25.271118 38.271118 43.271118 53.271118 60.271118 
-2.728882 0.271118 1.271118 1.271118 1.271118 6.271118 24.271118 31.271118 36.271118 44.271118 51.271118 59.271118 62.271118 59.271118 60.271118 
14.271118 15.271118 15.271118 15.271118 19.271118 28.271118 31.271118 35.271118 41.271118 43.271118 48.271118 49.271118 45.271118 41.271118 38.271118 
61.484444 48.484444 21.484444 11.484444 2.484444 -0.515556 -0.515556 1.484444 5.484444 7.484444 7.484444 3.484444 0.484444 -1.515556 -3.515556 
43.484444 34.484444 29.484444 22.484444 18.484444 15.484444 13.484444 11.484444 7.484444 4.484444 5.484444 1.484444 -3.515556 -7.515556 -10.515556 
32.484444 23.484444 21.484444 18.484444 17.484444 17.484444 16.484444 14.484444 8.484444 4.484444 1.484444 0.484444 0.484444 -5.515556 -8.515556 
27.484444 27.484444 27.484444 26.484444 22.484444 18.484444 12.484444 6.484444 1.484444 -6.515556 -10.515556 -13.515556 -17.515556 -21.515556 -25.515556 
17.484444 13.484444 12.484444 8.484444 5.484444 0.484444 -4.515556 -10.515556 -15.515556 -18.515556 -19.515556 -22.515556 -26.515556 -29.515556 -28.515556 
9.484444 4.484444 1.484444 1.484444 -3.515556 -8.515556 -14.515556 -19.515556 -25.515556 -26.515556 -30.515556 -32.515556 -34.515556 -34.515556 -33.515556 
1.484444 -1.515556 -2.515556 -6.515556 -12.515556 -21.515556 -22.515556 -23.515556 -24.515556 -27.515556 -29.515556 -30.515556 -29.515556 -32.515556 -35.515556 
-12.515556 -15.515556 -17.515556 -21.515556 -23.515556 -25.515556 -26.515556 -26.515556 -28.515556 -28.515556 -28.515556 -31.515556 -33.515556 -36.515556 -38.515556 
-19.515556 -21.515556 -21.515556 -20.515556 -23.515556 -24.515556 -24.515556 -27.515556 -30.515556 -30.515556 -31.515556 -35.515556 -37.515556 -39.515556 -38.515556 
-27.515556 -27.515556 -25.515556 -23.515556 -24.515556 -25.515556 -25.515556 -28.515556 -29.515556 -33.515556 -36.515556 -36.515556 -37.515556 -36.515556 -7.515556 
-25.515556 -26.515556 -29.515556 -30.515556 -32.515556 -32.515556 -32.515556 -35.515556 -39.515556 -40.515556 -45.515556 -43.515556 -18.515556 54.484444 96.484444 
-27.515556 -28.515556 -30.515556 -34.515556 -37.515556 -43.515556 -45.515556 -47.515556 -47.515556 -44.515556 -24.515556 47.484444 90.484444 116.484444 127.484444 
-33.515556 -34.515556 -36.515556 -39.515556 -41.515556 -42.515556 -45.515556 -43.515556 -30.515556 30.484444 85.484444 109.484444 124.484444 129.484436 128.484436 
-39.515556 -40.515556 -44.515556 -46.515556 -48.515556 -46.515556 -32.515556 37.484444 77.484444 113.484444 119.484444 122.484444 125.484444 126.484444 126.484444 
-43.515556 -48.515556 -49.515556 -51.515556 -35.515556 29.484444 78.484444 106.484444 115.484444 119.484444 119.484444 118.484444 119.484444 120.484444 122.484444 
10 #numtrees
10 #numFeatures
#Tree 0
0.354339 0.957469 0.105641 0.482132 # Feature 0
0.561337 0.030707 0.512716 0.134846 # Feature 1
0.360245 0.044639 0.766313 0.854202 # Feature 2
0.322750 0.046213 0.501633 0.676015 # Feature 3
0.669429 0.973100 0.439980 0.286955 # Feature 4
0.157329 0.406617 0.985174 0.840790 # Feature 5
0.534334 0.264206 0.858070 0.007013 # Feature 6
0.922019 0.173352 0.649849 0.276359 # Feature 7
0.130821 0.755491 0.758491 0.692157 # Feature 8
0.786198 0.271207 0.827004 0.146444 # Feature 9
40 #numLeaves
70 1 0
191 1 0
192 1 0
196 1 0
222 1 0
322 1 0
491 1 0
542 1 0
555 1 1
574 1 0
610 1 0
612 3 1
614 5 4
615 2 2
616 1 0
617 1 0
619 1 1
620 1 1
622 1 1
702 1 0
738 1 0
742 4 1
750 1 1
768 1 0
770 1 0
800 3 2
804 2 2
806 2 1
864 1 2
866 2 1
867 2 1
868 15 4
870 4 3
872 1 0
873 2 0
875 2 1
878 3 1
982 1 0
998 3 3
999 1 0
#Tree 1
0.315847 0.593316 0.000645 0.638597 # Feature 0
0.639529 0.502278 0.314612 0.308958 # Feature 1
0.475378 0.754592 0.595913 0.632707 # Feature 2
0.161210 0.581087 0.473497 0.695543 # Feature 3
0.845294 0.331567 0.702556 0.767313 # Feature 4
0.504919 0.352405 0.043672 0.635740 # Feature 5
0.107896 0.802163 0.327897 0.894094 # Feature 6
0.073371 0.154901 0.040538 0.389217 # Feature 7
0.748217 0.041183 0.027814 0.387747 # Feature 8
0.543461 0.342427 0.696705 0.018839 # Feature 9
43 #numLeaves
36 1 0
60 1 0
78 1 0
102 1 0
120 1 0
121 1 0
134 7 3
142 6 2
150 1 4
158 2 2
159 1 0
166 1 0
196 1 0
198 14 0
206 3 0
222 1 0
228 1 0
230 2 0
240 1 0
244 1 0
245 1 0
254 1 0
262 2 1
390 3 5
391 1 0
398 2 2
452 1 0
454 3 1
455 1 0
494 1 0
545 1 0
569 1 0
582 1 0
614 1 0
616 1 0
620 1 0
622 1 0
742 2 1
750 1 0
761 1 0
902 1 1
966 1 1
983 2 0
#Tree 2
0.097019 0.292618 0.651546 0.258229 # Feature 0
0.873706 0.125042 0.953772 0.718999 # Feature 1
0.456610 0.656328 0.486312 0.961529 # Feature 2
0.008734 0.529984 0.597269 0.116630 # Feature 3
0.332148 0.925166 0.010724 0.405518 # Feature 4
0.080067 0.051262 0.794736 0.828284 # Feature 5
0.092445 0.822550 0.216030 0.635906 # Feature 6
0.164977 0.912735 0.654745 0.261996 # Feature 7
0.205353 0.306291 0.520225 0.079059 # Feature 8
0.431333 0.473997 0.798058 0.887943 # Feature 9
36 #numLeaves
36 1 1
40 1 0
44 3 4
46 1 2
126 1 0
282 1 0
556 13 9
558 8 3
572 1 0
620 5 1
622 6 2
630 1 0
636 1 0
638 1 0
686 2 0
750 1 0
766 2 0
772 2 0
778 1 0
782 1 0
786 2 0
794 1 0
795 1 0
798 1 0
799 1 0
808 1 0
812 1 1
814 7 3
826 1 0
828 1 1
870 1 0
874 1 0
878 2 2
892 2 0
894 2 1
987 1 0
#Tree 3
0.130325 0.284370 0.849472 0.139058 # Feature 0
0.814355 0.446740 0.255688 0.146502 # Feature 1
0.371906 0.266412 0.552020 0.451973 # Feature 2
0.317674 0.346756 0.280256 0.410119 # Feature 3
0.169306 0.496287 0.046026 0.334282 # Feature 4
0.409022 0.700771 0.596278 0.614375 # Feature 5
0.007062 0.116503 0.693434 0.438395 # Feature 6
0.590499 0.491491 0.326338 0.720824 # Feature 7
0.775862 0.175809 0.859882 0.590216 # Feature 8
0.622550 0.115570 0.736718 0.994456 # Feature 9
42 #numLeaves
56 2 1
57 2 2
58 2 0
59 1 3
88 1 0
89 2 3
120 3 1
121 2 1
122 1 1
178 1 0
186 1 0
187 3 1
188 2 0
190 3 0
191 1 0
202 2 1
222 1 1
254 2 0
447 1 0
526 1 0
538 1 0
539 1 0
542 1 0
571 1 0
602 1 0
607 1 0
650 7 0
666 2 1
671 1 0
712 2 2
714 5 2
718 2 1
724 1 0
728 1 1
730 5 2
731 1 0
732 2 0
734 4 3
735 3 0
766 1 0
794 1 0
984 1 0
#Tree 4
0.381982 0.288739 0.446429 0.699656 # Feature 0
0.635495 0.726685 0.109776 0.804800 # Feature 1
0.222972 0.155801 0.139083 0.631993 # Feature 2
0.856572 0.735361 0.246368 0.863633 # Feature 3
0.851864 0.939801 0.302028 0.442363 # Feature 4
0.431293 0.628366 0.163187 0.207155 # Feature 5
0.804175 0.023069 0.797371 0.426725 # Feature 6
0.138639 0.534089 0.421181 0.520622 # Feature 7
0.822828 0.867609 0.220278 0.458322 # Feature 8
0.594294 0.330054 0.263123 0.817266 # Feature 9
33 #numLeaves
142 1 0
170 2 3
174 6 4
175 1 0
234 1 1
235 2 0
238 2 1
239 1 0
254 1 0
366 1 0
382 2 1
426 4 1
430 5 0
490 1 4
494 4 2
510 1 1
550 1 0
623 1 0
652 1 0
674 1 0
680 1 0
682 18 2
686 5 2
687 3 2
714 1 0
718 1 0
746 3 1
750 2 1
751 1 1
942 1 1
965 1 0
974 1 0
1006 2 2
#Tree 5
0.485855 0.402205 0.449259 0.342427 # Feature 0
0.137566 0.695627 0.206060 0.989430 # Feature 1
0.635428 0.508088 0.431793 0.066721 # Feature 2
0.136454 0.594980 0.273876 0.940629 # Feature 3
0.618049 0.071247 0.367354 0.756688 # Feature 4
0.605336 0.788535 0.277309 0.428164 # Feature 5
0.656144 0.497587 0.886486 0.250438 # Feature 6
0.827641 0.149609 0.067704 0.313496 # Feature 7
0.551814 0.516963 0.655923 0.689381 # Feature 8
0.212590 0.861983 0.678811 0.848018 # Feature 9
50 #numLeaves
2 2 0
3 1 0
4 1 0
18 1 0
19 1 0
22 1 0
24 1 1
28 1 1
29 2 1
32 1 0
33 5 0
34 2 0
35 1 1
42 1 0
48 1 3
50 8 1
54 2 1
58 2 0
62 1 0
83 1 0
97 1 0
153 1 0
162 1 0
179 1 0
281 1 0
285 1 0
307 1 0
314 1 0
315 1 0
409 2 0
513 1 0
516 1 0
524 1 2
532 1 1
533 2 0
534 1 0
536 1 0
540 3 2
541 2 0
560 2 0
565 1 0
566 3 0
567 1 0
568 4 1
572 1 1
573 1 1
615 1 0
694 2 0
700 1 2
789 2 0
#Tree 6
0.370071 0.110603 0.914739 0.506525 # Feature 0
0.705583 0.188615 0.447154 0.323632 # Feature 1
0.259862 0.814508 0.080319 0.865198 # Feature 2
0.603043 0.357629 0.293362 0.259186 # Feature 3
0.855216 0.179848 0.509625 0.682857 # Feature 4
0.329458 0.577329 0.996353 0.881272 # Feature 5
0.094292 0.652276 0.570653 0.306881 # Feature 6
0.514258 0.249464 0.154900 0.884329 # Feature 7
0.360067 0.069639 0.390854 0.065650 # Feature 8
0.258254 0.838009 0.389281 0.518116 # Feature 9
45 #numLeaves
52 1 0
137 1 1
139 1 0
201 1 1
203 2 1
297 1 1
324 1 0
331 1 1
387 1 1
545 1 1
547 1 1
549 1 0
551 1 0
554 2 0
555 5 0
558 2 0
582 1 0
587 1 0
687 2 0
707 1 1
715 2 1
771 1 2
777 1 3
779 2 0
795 1 0
801 1 4
803 2 1
806 2 1
809 3 0
810 6 0
811 11 4
812 1 0
813 1 0
814 1 0
815 1 0
831 1 0
843 1 1
867 1 0
871 1 0
875 1 0
907 2 2
930 1 0
937 1 0
939 5 2
971 1 1
#Tree 7
0.652516 0.469601 0.383314 0.255559 # Feature 0
0.827230 0.676677 0.514745 0.682446 # Feature 1
0.856525 0.024370 0.365303 0.185983 # Feature 2
0.601699 0.361657 0.067255 0.695990 # Feature 3
0.013932 0.637907 0.002872 0.528191 # Feature 4
0.887371 0.157771 0.412520 0.247438 # Feature 5
0.227410 0.803375 0.313088 0.485665 # Feature 6
0.641383 0.702369 0.003781 0.293900 # Feature 7
0.171970 0.387095 0.549459 0.999200 # Feature 8
0.063772 0.064204 0.681646 0.920297 # Feature 9
62 #numLeaves
8 1 1
10 1 0
32 1 0
33 1 0
40 2 0
42 1 0
48 1 0
56 5 2
57 1 0
67 1 0
124 1 0
136 1 0
175 2 0
176 3 0
177 1 0
184 2 0
185 1 0
187 1 0
241 2 0
248 1 0
249 1 0
265 1 0
266 1 0
280 1 0
282 1 0
288 1 0
312 1 0
314 1 0
316 1 3
392 1 0
400 1 0
408 2 0
412 1 0
424 1 1
427 1 0
428 1 0
431 1 0
440 1 0
444 1 0
445 1 0
446 1 0
447 2 0
528 1 0
656 1 0
657 1 0
664 1 1
669 1 1
692 1 0
701 1 1
703 1 0
812 1 0
909 1 1
912 1 0
924 1 0
952 1 0
953 1 0
956 5 1
957 2 1
959 1 1
989 1 0
1020 1 0
1021 1 0
#Tree 8
0.088574 0.046950 0.106279 0.690273 # Feature 0
0.408606 0.173534 0.386263 0.422539 # Feature 1
0.811442 0.389135 0.950730 0.698812 # Feature 2
0.546906 0.363250 0.946250 0.774317 # Feature 3
0.166625 0.259338 0.259981 0.808008 # Feature 4
0.961707 0.263762 0.101908 0.133678 # Feature 5
0.650857 0.651367 0.132877 0.714629 # Feature 6
0.715571 0.814523 0.634926 0.804145 # Feature 7
0.861473 0.741206 0.494418 0.270079 # Feature 8
0.914740 0.880681 0.692618 0.726181 # Feature 9
42 #numLeaves
10 1 0
259 1 3
274 1 0
289 1 0
290 1 0
291 2 0
293 3 0
295 1 0
309 1 0
311 1 0
437 1 0
445 2 0
481 2 0
497 1 0
514 1 2
515 2 2
519 3 1
522 10 2
526 2 1
547 1 0
551 2 1
770 4 1
771 2 2
774 1 0
775 3 3
778 1 4
783 1 2
795 1 0
801 1 0
803 3 0
805 2 0
807 3 3
821 1 0
865 1 0
903 1 1
929 2 0
933 2 0
935 6 1
936 1 0
1003 1 0
1007 1 0
1008 1 0
#Tree 9
0.269816 0.643348 0.424994 0.816722 # Feature 0
0.006598 0.371244 0.591039 0.173223 # Feature 1
0.630582 0.851020 0.981231 0.592290 # Feature 2
0.114782 0.083139 0.725967 0.765639 # Feature 3
0.734505 0.858845 0.480269 0.450076 # Feature 4
0.673368 0.115195 0.254221 0.534841 # Feature 5
0.856400 0.748639 0.804920 0.771140 # Feature 6
0.629320 0.497538 0.497321 0.899136 # Feature 7
0.140886 0.922315 0.715858 0.147484 # Feature 8
0.293559 0.306897 0.320706 0.924141 # Feature 9
42 #numLeaves
129 1 0
160 1 1
161 1 0
162 1 0
170 1 1
178 14 9
186 5 4
226 1 0
235 1 0
242 4 2
250 2 1
290 1 0
298 2 0
306 2 2
418 3 1
426 1 0
434 6 7
435 1 0
442 1 1
453 1 0
482 1 0
496 2 1
497 2 0
498 3 2
501 1 0
690 1 0
738 1 0
752 2 1
754 1 0
881 2 0
913 1 0
915 1 0
946 1 0
947 1 0
961 1 0
979 1 0
994 2 0
1002 1 0
1008 1 0
1009 1 1
1016 1 0
1017 1 0
